[N
94
61
3 prn
88
18 cycloneive_io_obuf
58
8 tipd_prn
54
11 tipd_asdata
59
10 tipd_aload
4
8 lut_mask
49
17 tpd_prn_q_negedge
90
29 tipd_seriesterminationcontrol
29
5 dataa
30
5 datab
28
5 datac
68
5 datad
51
12 tpd_asdata_q
39
30 tsetup_sclr_clk_noedge_posedge
91
8 tpd_oe_o
35
10 is_wysiwyg
14
17 tpd_datab_combout
7
8 lpm_type
2
21 cycloneive_lcell_comb
37
27 tsetup_d_clk_noedge_posedge
77
10 tipd_inclk
23
10 tipd_dataa
24
10 tipd_datab
25
10 tipd_datac
26
10 tipd_datad
1
73 /home/ashinashell/intelFPGA_lite/23.1std/questa_fse/intel/vhdl/cycloneive
67
1 d
83
7 tpd_i_o
92
10 tpd_i_obar
42
26 thold_d_clk_noedge_posedge
75
17 ena_register_mode
94
17 open_drain_output
71
3 ena
73
13 vital_clkctrl
63
6 asdata
38
32 tsetup_asdata_clk_noedge_posedge
40
31 tsetup_sload_clk_noedge_posedge
87
13 simulate_z_as
6
10 dont_touch
74
10 clock_type
43
31 thold_asdata_clk_noedge_posedge
15
17 tpd_datac_combout
12
12 InstancePath
45
30 thold_sload_clk_noedge_posedge
9
3 XOn
80
4 arch
57
9 tipd_clrn
22
12 tpd_cin_cout
62
4 clrn
11
9 XOnChecks
10
11 MsgOnChecks
70
6 behave
65
5 aload
66
5 sload
46
28 thold_ena_clk_noedge_posedge
8
5 MsgOn
36
14 x_on_violation
19
14 tpd_datab_cout
33
12 vital_dffeas
16
17 tpd_datad_combout
21
14 tpd_datad_cout
18
14 tpd_dataa_cout
60
8 tipd_ena
86
8 bus_hold
55
9 tipd_sclr
52
8 tipd_clk
53
6 tipd_d
50
19 tpd_aload_q_posedge
81
6 tipd_i
31
69 /home/ashinashell/intelFPGA_lite/23.1std/questa_fse/intel/vhdl/altera
84
10 tpd_ibar_o
20
14 tpd_datac_cout
5
14 sum_lutc_input
56
10 tipd_sload
72
18 cycloneive_clkctrl
93
11 tpd_oe_obar
34
8 power_up
76
16 tpd_inclk_outclk
47
17 tpd_clk_q_posedge
89
7 tipd_oe
82
9 tipd_ibar
44
29 thold_sclr_clk_noedge_posedge
41
29 tsetup_ena_clk_noedge_posedge
78
14 tipd_clkselect
48
18 tpd_clrn_q_negedge
27
8 tipd_cin
85
17 differential_mode
17
15 tpd_cin_combout
13
17 tpd_dataa_combout
64
4 sclr
32
6 dffeas
79
18 cycloneive_io_ibuf
3
16 vital_lcell_comb
69
18 cycloneive_ena_reg
]
[G
1
2
3
358
6
0
0
0
0
3 0
111
102
102
1
1
1 3 1 1
]
[G
1
69
70
1
11
0
0
1
0
0 0
0
0
]
[G
1
72
73
2
77
0
0
0
0
64 1
0
0
0
]
[G
1
2
3
240
8
0
0
0
0
0 0
0
0
]
[G
1
69
70
1
47
0
0
0
0
16 1
0
0
0
]
[G
1
2
3
421
6
0
0
0
0
3 0
111
102
102
1
1
1 3 1 1
]
[G
1
2
3
422
6
0
0
0
0
3 0
111
102
102
1
1
1 3 1 1
]
[G
1
2
3
240
10
0
0
1
0
0 0
0
0
]
[G
1
2
3
240
20
0
0
0
0
16 1
0
0
0
]
[G
1
69
70
1
53
0
0
0
0
16 1
0
0
0
]
[G
1
2
3
296
10
0
0
1
0
0 0
0
0
]
[G
1
2
3
299
10
0
0
1
0
0 0
0
0
]
[G
1
2
3
296
8
0
0
0
0
0 0
0
0
]
[G
1
2
3
315
10
0
0
1
0
0 0
0
0
]
[G
1
2
3
316
10
0
0
1
0
0 0
0
0
]
[G
1
2
3
296
20
0
0
0
0
16 1
0
0
0
]
[G
1
2
3
299
20
0
0
0
0
16 1
0
0
0
]
[G
1
2
3
331
10
0
0
1
0
0 0
0
0
]
[G
1
2
3
315
8
0
0
0
0
0 0
0
0
]
[G
1
2
3
299
8
0
0
0
0
0 0
0
0
]
[G
1
2
3
315
20
0
0
0
0
16 1
0
0
0
]
[G
1
2
3
316
20
0
0
0
0
16 1
0
0
0
]
[G
1
2
3
331
8
0
0
0
0
0 0
0
0
]
[G
1
2
3
316
8
0
0
0
0
0 0
0
0
]
[G
31
32
33
3
55
0
0
0
0
16 1
0
0
0
]
[G
31
32
33
4
55
0
0
0
0
16 1
0
0
0
]
[G
1
2
3
358
10
0
0
1
0
0 0
0
0
]
[G
1
2
3
341
20
0
0
0
0
16 1
0
0
0
]
[G
1
2
3
331
20
0
0
0
0
16 1
0
0
0
]
[G
1
2
3
341
10
0
0
1
0
0 0
0
0
]
[G
1
2
3
240
21
0
0
0
0
16 1
0
0
0
]
[G
31
32
33
3
39
0
0
0
0
8 1
0
0
0
]
[G
31
32
33
4
39
0
0
0
0
8 1
0
0
0
]
[G
1
79
80
1
85
0
0
0
0
5 0
102
97
108
115
101
1
1
1 5 1 1
]
[G
31
32
33
3
56
0
0
0
0
16 1
0
0
0
]
[G
31
32
33
4
56
0
0
0
0
16 1
0
0
0
]
[G
1
2
3
240
22
0
0
0
0
16 1
0
0
0
]
[G
1
2
3
341
8
0
0
0
0
0 0
0
0
]
[G
1
2
3
358
20
0
0
0
0
16 1
0
0
0
]
[G
1
2
3
358
8
0
0
0
0
0 0
0
0
]
[G
1
69
70
1
52
0
0
0
0
16 1
0
0
0
]
[G
1
2
3
421
10
0
0
1
0
0 0
0
0
]
[G
1
2
3
422
10
0
0
1
0
0 0
0
0
]
[G
1
2
3
296
21
0
0
0
0
16 1
0
0
0
]
[G
1
72
73
2
76
0
0
0
0
64 1
0
0
0
]
[G
1
69
70
1
12
0
0
0
0
1 1
42
1
1
1 1 1 1
]
[G
1
2
3
299
21
0
0
0
0
16 1
0
0
0
]
[G
1
2
3
421
8
0
0
0
0
0 0
0
0
]
[G
1
2
3
422
8
0
0
0
0
0 0
0
0
]
[G
1
2
3
421
20
0
0
0
0
16 1
0
0
0
]
[G
1
2
3
422
20
0
0
0
0
16 1
0
0
0
]
[G
1
2
3
299
22
0
0
0
0
16 1
0
0
0
]
[G
1
2
3
315
21
0
0
0
0
16 1
0
0
0
]
[G
1
2
3
316
21
0
0
0
0
16 1
0
0
0
]
[G
1
88
80
2
94
0
0
0
0
5 0
102
97
108
115
101
1
1
1 5 1 1
]
[G
1
2
3
296
22
0
0
0
0
16 1
0
0
0
]
[G
1
2
3
315
22
0
0
0
0
16 1
0
0
0
]
[G
1
2
3
316
22
0
0
0
0
16 1
0
0
0
]
[G
1
2
3
331
21
0
0
0
0
16 1
0
0
0
]
[G
1
2
3
240
4
0
2
0
0
0 0
0
0
]
[G
1
2
3
341
21
0
0
0
0
16 1
0
0
0
]
[G
1
2
3
331
22
0
0
0
0
16 1
0
0
0
]
[G
31
32
33
3
36
0
0
0
0
2 0
111
110
1
1
1 2 1 1
]
[G
1
2
3
341
22
0
0
0
0
16 1
0
0
0
]
[G
1
2
3
358
21
0
0
0
0
16 1
0
0
0
]
[G
1
2
3
358
22
0
0
0
0
16 1
0
0
0
]
[G
31
32
33
4
36
0
0
0
0
2 0
111
110
1
1
1 2 1 1
]
[G
1
2
3
296
4
0
2
0
0
0 0
0
0
]
[G
31
32
33
4
38
0
0
0
0
8 1
0
0
0
]
[G
1
79
80
1
86
0
0
0
0
5 0
102
97
108
115
101
1
1
1 5 1 1
]
[G
1
2
3
299
4
0
2
0
0
0 0
0
0
]
[G
1
69
70
1
37
0
0
0
0
8 1
0
0
0
]
[G
1
79
80
1
8
0
0
0
0
0 0
0
0
]
[G
31
32
33
3
38
0
0
0
0
8 1
0
0
0
]
[G
1
2
3
315
4
0
2
0
0
0 0
0
0
]
[G
1
2
3
316
4
0
2
0
0
0 0
0
0
]
[G
1
2
3
421
21
0
0
0
0
16 1
0
0
0
]
[G
1
2
3
422
21
0
0
0
0
16 1
0
0
0
]
[G
1
2
3
331
4
0
2
0
0
0 0
0
0
]
[G
1
2
3
421
22
0
0
0
0
16 1
0
0
0
]
[G
1
2
3
422
22
0
0
0
0
16 1
0
0
0
]
[G
1
2
3
341
4
0
2
0
0
0 0
0
0
]
[G
1
2
3
358
4
0
2
0
0
0 0
0
0
]
[G
31
32
33
3
49
0
0
0
0
16 1
0
0
0
]
[G
31
32
33
4
49
0
0
0
0
16 1
0
0
0
]
[G
1
72
73
2
8
0
0
0
0
0 0
0
0
]
[G
1
72
73
2
10
0
0
1
0
0 0
0
0
]
[G
1
2
3
421
4
0
2
0
0
0 0
0
0
]
[G
31
32
33
3
54
0
0
0
0
16 1
0
0
0
]
[G
31
32
33
4
54
0
0
0
0
16 1
0
0
0
]
[G
31
32
33
3
60
0
0
0
0
16 1
0
0
0
]
[G
31
32
33
4
60
0
0
0
0
16 1
0
0
0
]
[G
1
69
70
1
9
0
0
0
0
0 0
0
0
]
[G
1
2
3
422
4
0
2
0
0
0 0
0
0
]
[G
1
2
3
240
14
0
0
0
0
16 1
0
0
0
]
[G
31
32
33
3
44
0
0
0
0
8 1
0
0
0
]
[G
31
32
33
4
44
0
0
0
0
8 1
0
0
0
]
[G
1
69
70
1
42
0
0
0
0
8 1
0
0
0
]
[G
1
88
80
2
81
0
0
0
0
16 1
0
0
0
]
[G
1
2
3
296
14
0
0
0
0
16 1
0
0
0
]
[G
1
2
3
299
14
0
0
0
0
16 1
0
0
0
]
[G
1
2
3
315
14
0
0
0
0
16 1
0
0
0
]
[G
1
2
3
316
14
0
0
0
0
16 1
0
0
0
]
[G
1
2
3
240
17
0
0
0
0
16 1
0
0
0
]
[G
1
2
3
331
14
0
0
0
0
16 1
0
0
0
]
[G
1
2
3
341
14
0
0
0
0
16 1
0
0
0
]
[G
1
2
3
358
14
0
0
0
0
16 1
0
0
0
]
[G
1
2
3
296
17
0
0
0
0
16 1
0
0
0
]
[G
1
2
3
299
17
0
0
0
0
16 1
0
0
0
]
[G
1
2
3
315
17
0
0
0
0
16 1
0
0
0
]
[G
1
2
3
316
17
0
0
0
0
16 1
0
0
0
]
[G
31
32
33
4
45
0
0
0
0
8 1
0
0
0
]
[G
1
2
3
331
17
0
0
0
0
16 1
0
0
0
]
[G
31
32
33
3
45
0
0
0
0
8 1
0
0
0
]
[G
31
32
33
3
11
0
0
1
0
0 0
0
0
]
[G
31
32
33
4
11
0
0
1
0
0 0
0
0
]
[G
1
79
80
1
82
0
0
0
0
16 1
0
0
0
]
[G
1
2
3
341
17
0
0
0
0
16 1
0
0
0
]
[G
1
2
3
421
14
0
0
0
0
16 1
0
0
0
]
[G
1
2
3
422
14
0
0
0
0
16 1
0
0
0
]
[G
1
2
3
358
17
0
0
0
0
16 1
0
0
0
]
[G
1
2
3
240
16
0
0
0
0
16 1
0
0
0
]
[G
31
32
33
3
51
0
0
0
0
16 1
0
0
0
]
[G
31
32
33
4
51
0
0
0
0
16 1
0
0
0
]
[G
1
2
3
240
27
0
0
0
0
16 1
0
0
0
]
[G
31
32
33
3
47
0
0
0
0
16 1
0
0
0
]
[G
31
32
33
4
47
0
0
0
0
16 1
0
0
0
]
[G
31
32
33
3
53
0
0
0
0
16 1
0
0
0
]
[G
31
32
33
4
53
0
0
0
0
16 1
0
0
0
]
[G
1
2
3
296
27
0
0
0
0
16 1
0
0
0
]
[G
1
2
3
296
16
0
0
0
0
16 1
0
0
0
]
[G
1
2
3
299
27
0
0
0
0
16 1
0
0
0
]
[G
1
2
3
299
16
0
0
0
0
16 1
0
0
0
]
[G
1
2
3
421
17
0
0
0
0
16 1
0
0
0
]
[G
1
2
3
422
17
0
0
0
0
16 1
0
0
0
]
[G
1
88
80
2
7
0
0
0
0
18 0
99
121
99
108
111
110
101
105
118
101
95
105
111
95
111
98
117
102
1
1
1 18 1 1
]
[G
1
88
80
2
92
0
0
0
0
16 1
0
0
0
]
[G
1
88
80
2
91
0
0
0
0
16 1
0
0
0
]
[G
1
88
80
2
89
0
0
0
0
16 1
0
0
0
]
[G
1
2
3
315
27
0
0
0
0
16 1
0
0
0
]
[G
1
2
3
316
27
0
0
0
0
16 1
0
0
0
]
[G
31
32
33
4
57
0
0
0
0
16 1
0
0
0
]
[G
1
2
3
331
27
0
0
0
0
16 1
0
0
0
]
[G
1
2
3
331
16
0
0
0
0
16 1
0
0
0
]
[G
31
32
33
3
57
0
0
0
0
16 1
0
0
0
]
[G
1
2
3
316
16
0
0
0
0
16 1
0
0
0
]
[G
1
2
3
341
27
0
0
0
0
16 1
0
0
0
]
[G
1
2
3
341
16
0
0
0
0
16 1
0
0
0
]
[G
1
2
3
240
11
0
0
1
0
0 0
0
0
]
[G
1
2
3
315
16
0
0
0
0
16 1
0
0
0
]
[G
1
2
3
358
27
0
0
0
0
16 1
0
0
0
]
[G
1
2
3
358
16
0
0
0
0
16 1
0
0
0
]
[G
1
2
3
296
11
0
0
1
0
0 0
0
0
]
[G
1
2
3
299
11
0
0
1
0
0 0
0
0
]
[G
1
2
3
421
27
0
0
0
0
16 1
0
0
0
]
[G
1
2
3
421
16
0
0
0
0
16 1
0
0
0
]
[G
1
2
3
422
16
0
0
0
0
16 1
0
0
0
]
[G
1
88
80
2
93
0
0
0
0
16 1
0
0
0
]
[G
1
2
3
331
11
0
0
1
0
0 0
0
0
]
[G
1
2
3
422
27
0
0
0
0
16 1
0
0
0
]
[G
1
2
3
316
11
0
0
1
0
0 0
0
0
]
[G
31
32
33
3
52
0
0
0
0
16 1
0
0
0
]
[G
31
32
33
4
52
0
0
0
0
16 1
0
0
0
]
[G
1
2
3
341
11
0
0
1
0
0 0
0
0
]
[G
1
2
3
315
11
0
0
1
0
0 0
0
0
]
[G
31
32
33
3
12
0
0
0
0
1 1
42
1
1
1 1 1 1
]
[G
31
32
33
4
12
0
0
0
0
1 1
42
1
1
1 1 1 1
]
[G
1
2
3
358
11
0
0
1
0
0 0
0
0
]
[G
1
88
80
2
9
0
0
0
0
0 0
0
0
]
[G
1
72
73
2
60
0
0
0
0
16 1
0
0
0
]
[G
31
32
33
3
7
0
0
0
0
6 0
68
70
70
69
65
83
1
1
1 6 1 1
]
[G
31
32
33
4
7
0
0
0
0
6 0
68
70
70
69
65
83
1
1
1 6 1 1
]
[G
1
2
3
421
11
0
0
1
0
0 0
0
0
]
[G
1
2
3
422
11
0
0
1
0
0 0
0
0
]
[G
1
69
70
1
8
0
0
0
0
0 0
0
0
]
[G
1
88
80
2
90
0
0
0
0
256 1
0
0
0
]
[G
1
69
70
1
10
0
0
1
0
0 0
0
0
]
[G
31
32
33
3
37
0
0
0
0
8 1
0
0
0
]
[G
31
32
33
4
37
0
0
0
0
8 1
0
0
0
]
[G
31
32
33
3
35
0
0
0
0
4 0
116
114
117
101
1
1
1 4 1 1
]
[G
31
32
33
4
35
0
0
0
0
4 0
116
114
117
101
1
1
1 4 1 1
]
[G
1
2
3
240
12
0
0
0
0
1 1
42
1
1
1 1 1 1
]
[G
1
88
80
2
83
0
0
0
0
16 1
0
0
0
]
[G
1
72
73
2
75
0
0
0
0
4 0
110
111
110
101
1
1
1 4 1 1
]
[G
31
32
33
3
58
0
0
0
0
16 1
0
0
0
]
[G
31
32
33
4
58
0
0
0
0
16 1
0
0
0
]
[G
31
32
33
3
59
0
0
0
0
16 1
0
0
0
]
[G
31
32
33
4
59
0
0
0
0
16 1
0
0
0
]
[G
31
32
33
3
43
0
0
0
0
8 1
0
0
0
]
[G
31
32
33
4
43
0
0
0
0
8 1
0
0
0
]
[G
1
2
3
240
7
0
0
0
0
21 0
99
121
99
108
111
110
101
105
118
101
95
108
99
101
108
108
95
99
111
109
98
1
1
1 21 1 1
]
[G
31
32
33
3
40
0
0
0
0
8 1
0
0
0
]
[G
31
32
33
4
40
0
0
0
0
8 1
0
0
0
]
[G
1
2
3
296
12
0
0
0
0
1 1
42
1
1
1 1 1 1
]
[G
1
2
3
299
12
0
0
0
0
1 1
42
1
1
1 1 1 1
]
[G
1
72
73
2
74
0
0
0
0
12 0
103
108
111
98
97
108
32
99
108
111
99
107
1
1
1 12 1 1
]
[G
1
2
3
315
12
0
0
0
0
1 1
42
1
1
1 1 1 1
]
[G
1
2
3
316
12
0
0
0
0
1 1
42
1
1
1 1 1 1
]
[G
1
2
3
331
12
0
0
0
0
1 1
42
1
1
1 1 1 1
]
[G
1
2
3
341
12
0
0
0
0
1 1
42
1
1
1 1 1 1
]
[G
31
32
33
3
9
0
0
0
0
0 0
0
0
]
[G
31
32
33
4
9
0
0
0
0
0 0
0
0
]
[G
1
2
3
296
7
0
0
0
0
21 0
99
121
99
108
111
110
101
105
118
101
95
108
99
101
108
108
95
99
111
109
98
1
1
1 21 1 1
]
[G
1
2
3
299
7
0
0
0
0
21 0
99
121
99
108
111
110
101
105
118
101
95
108
99
101
108
108
95
99
111
109
98
1
1
1 21 1 1
]
[G
1
2
3
358
12
0
0
0
0
1 1
42
1
1
1 1 1 1
]
[G
1
72
73
2
11
0
0
1
0
0 0
0
0
]
[G
1
2
3
240
5
0
0
0
0
5 0
100
97
116
97
99
1
1
1 5 1 1
]
[G
31
32
33
3
48
0
0
0
0
16 1
0
0
0
]
[G
31
32
33
4
48
0
0
0
0
16 1
0
0
0
]
[G
1
2
3
315
7
0
0
0
0
21 0
99
121
99
108
111
110
101
105
118
101
95
108
99
101
108
108
95
99
111
109
98
1
1
1 21 1 1
]
[G
1
2
3
316
7
0
0
0
0
21 0
99
121
99
108
111
110
101
105
118
101
95
108
99
101
108
108
95
99
111
109
98
1
1
1 21 1 1
]
[G
1
79
80
1
81
0
0
0
0
16 1
0
0
0
]
[G
1
2
3
240
23
0
0
0
0
16 1
0
0
0
]
[G
1
2
3
240
24
0
0
0
0
16 1
0
0
0
]
[G
1
2
3
240
25
0
0
0
0
16 1
0
0
0
]
[G
1
2
3
240
26
0
0
0
0
16 1
0
0
0
]
[G
1
2
3
331
7
0
0
0
0
21 0
99
121
99
108
111
110
101
105
118
101
95
108
99
101
108
108
95
99
111
109
98
1
1
1 21 1 1
]
[G
1
2
3
240
18
0
0
0
0
16 1
0
0
0
]
[G
31
32
33
3
42
0
0
0
0
8 1
0
0
0
]
[G
31
32
33
4
42
0
0
0
0
8 1
0
0
0
]
[G
1
2
3
341
7
0
0
0
0
21 0
99
121
99
108
111
110
101
105
118
101
95
108
99
101
108
108
95
99
111
109
98
1
1
1 21 1 1
]
[G
1
2
3
296
5
0
0
0
0
5 0
100
97
116
97
99
1
1
1 5 1 1
]
[G
1
2
3
299
5
0
0
0
0
5 0
100
97
116
97
99
1
1
1 5 1 1
]
[G
1
2
3
358
7
0
0
0
0
21 0
99
121
99
108
111
110
101
105
118
101
95
108
99
101
108
108
95
99
111
109
98
1
1
1 21 1 1
]
[G
1
2
3
315
5
0
0
0
0
5 0
100
97
116
97
99
1
1
1 5 1 1
]
[G
1
2
3
316
5
0
0
0
0
5 0
100
97
116
97
99
1
1
1 5 1 1
]
[G
1
2
3
421
12
0
0
0
0
1 1
42
1
1
1 1 1 1
]
[G
1
2
3
422
12
0
0
0
0
1 1
42
1
1
1 1 1 1
]
[G
1
2
3
331
5
0
0
0
0
5 0
100
97
116
97
99
1
1
1 5 1 1
]
[G
1
2
3
296
24
0
0
0
0
16 1
0
0
0
]
[G
1
2
3
296
25
0
0
0
0
16 1
0
0
0
]
[G
1
2
3
299
23
0
0
0
0
16 1
0
0
0
]
[G
1
2
3
299
24
0
0
0
0
16 1
0
0
0
]
[G
1
2
3
299
25
0
0
0
0
16 1
0
0
0
]
[G
1
2
3
299
26
0
0
0
0
16 1
0
0
0
]
[G
1
2
3
299
18
0
0
0
0
16 1
0
0
0
]
[G
1
2
3
341
5
0
0
0
0
5 0
100
97
116
97
99
1
1
1 5 1 1
]
[G
1
2
3
296
23
0
0
0
0
16 1
0
0
0
]
[G
1
2
3
315
23
0
0
0
0
16 1
0
0
0
]
[G
1
2
3
316
23
0
0
0
0
16 1
0
0
0
]
[G
1
2
3
316
24
0
0
0
0
16 1
0
0
0
]
[G
1
2
3
316
25
0
0
0
0
16 1
0
0
0
]
[G
1
2
3
316
26
0
0
0
0
16 1
0
0
0
]
[G
1
2
3
315
18
0
0
0
0
16 1
0
0
0
]
[G
1
2
3
316
18
0
0
0
0
16 1
0
0
0
]
[G
1
2
3
358
5
0
0
0
0
5 0
100
97
116
97
99
1
1
1 5 1 1
]
[G
1
2
3
240
13
0
0
0
0
16 1
0
0
0
]
[G
1
2
3
331
23
0
0
0
0
16 1
0
0
0
]
[G
1
2
3
331
24
0
0
0
0
16 1
0
0
0
]
[G
1
2
3
315
24
0
0
0
0
16 1
0
0
0
]
[G
1
2
3
315
25
0
0
0
0
16 1
0
0
0
]
[G
1
2
3
315
26
0
0
0
0
16 1
0
0
0
]
[G
1
2
3
331
18
0
0
0
0
16 1
0
0
0
]
[G
1
2
3
341
23
0
0
0
0
16 1
0
0
0
]
[G
1
2
3
341
24
0
0
0
0
16 1
0
0
0
]
[G
1
2
3
341
25
0
0
0
0
16 1
0
0
0
]
[G
1
2
3
341
26
0
0
0
0
16 1
0
0
0
]
[G
1
2
3
341
18
0
0
0
0
16 1
0
0
0
]
[G
1
2
3
331
25
0
0
0
0
16 1
0
0
0
]
[G
1
2
3
331
26
0
0
0
0
16 1
0
0
0
]
[G
1
2
3
422
7
0
0
0
0
21 0
99
121
99
108
111
110
101
105
118
101
95
108
99
101
108
108
95
99
111
109
98
1
1
1 21 1 1
]
[G
1
2
3
240
19
0
0
0
0
16 1
0
0
0
]
[G
1
2
3
358
23
0
0
0
0
16 1
0
0
0
]
[G
1
2
3
358
24
0
0
0
0
16 1
0
0
0
]
[G
1
2
3
358
25
0
0
0
0
16 1
0
0
0
]
[G
1
2
3
358
26
0
0
0
0
16 1
0
0
0
]
[G
1
2
3
358
18
0
0
0
0
16 1
0
0
0
]
[G
1
2
3
296
26
0
0
0
0
16 1
0
0
0
]
[G
1
2
3
240
9
0
0
0
0
0 0
0
0
]
[G
1
2
3
296
18
0
0
0
0
16 1
0
0
0
]
[G
1
2
3
296
13
0
0
0
0
16 1
0
0
0
]
[G
1
2
3
299
13
0
0
0
0
16 1
0
0
0
]
[G
1
2
3
421
5
0
0
0
0
5 0
100
97
116
97
99
1
1
1 5 1 1
]
[G
1
2
3
422
5
0
0
0
0
5 0
100
97
116
97
99
1
1
1 5 1 1
]
[G
1
2
3
296
9
0
0
0
0
0 0
0
0
]
[G
1
2
3
299
9
0
0
0
0
0 0
0
0
]
[G
1
2
3
315
13
0
0
0
0
16 1
0
0
0
]
[G
1
2
3
316
13
0
0
0
0
16 1
0
0
0
]
[G
1
2
3
315
9
0
0
0
0
0 0
0
0
]
[G
1
2
3
316
9
0
0
0
0
0 0
0
0
]
[G
1
2
3
296
19
0
0
0
0
16 1
0
0
0
]
[G
1
2
3
299
19
0
0
0
0
16 1
0
0
0
]
[G
31
32
33
3
34
0
0
0
0
3 0
108
111
119
1
1
1 3 1 1
]
[G
31
32
33
4
34
0
0
0
0
3 0
108
111
119
1
1
1 3 1 1
]
[G
1
2
3
421
7
0
0
0
0
21 0
99
121
99
108
111
110
101
105
118
101
95
108
99
101
108
108
95
99
111
109
98
1
1
1 21 1 1
]
[G
1
2
3
421
23
0
0
0
0
16 1
0
0
0
]
[G
1
2
3
422
23
0
0
0
0
16 1
0
0
0
]
[G
1
2
3
422
24
0
0
0
0
16 1
0
0
0
]
[G
1
2
3
422
25
0
0
0
0
16 1
0
0
0
]
[G
1
2
3
331
9
0
0
0
0
0 0
0
0
]
[G
1
2
3
421
18
0
0
0
0
16 1
0
0
0
]
[G
1
2
3
422
18
0
0
0
0
16 1
0
0
0
]
[G
1
2
3
315
19
0
0
0
0
16 1
0
0
0
]
[G
1
2
3
316
19
0
0
0
0
16 1
0
0
0
]
[G
1
2
3
331
13
0
0
0
0
16 1
0
0
0
]
[G
1
2
3
341
9
0
0
0
0
0 0
0
0
]
[G
1
2
3
421
24
0
0
0
0
16 1
0
0
0
]
[G
1
2
3
421
25
0
0
0
0
16 1
0
0
0
]
[G
1
2
3
421
26
0
0
0
0
16 1
0
0
0
]
[G
1
2
3
422
26
0
0
0
0
16 1
0
0
0
]
[G
1
2
3
358
13
0
0
0
0
16 1
0
0
0
]
[G
1
2
3
331
19
0
0
0
0
16 1
0
0
0
]
[G
1
79
80
1
7
0
0
0
0
18 0
99
121
99
108
111
110
101
105
118
101
95
105
111
95
105
98
117
102
1
1
1 18 1 1
]
[G
1
2
3
358
9
0
0
0
0
0 0
0
0
]
[G
1
2
3
341
19
0
0
0
0
16 1
0
0
0
]
[G
1
72
73
2
12
0
0
0
0
1 1
42
1
1
1 1 1 1
]
[G
1
2
3
341
13
0
0
0
0
16 1
0
0
0
]
[G
1
2
3
358
19
0
0
0
0
16 1
0
0
0
]
[G
1
88
80
2
86
0
0
0
0
5 0
102
97
108
115
101
1
1
1 5 1 1
]
[G
1
2
3
421
13
0
0
0
0
16 1
0
0
0
]
[G
1
2
3
422
13
0
0
0
0
16 1
0
0
0
]
[G
1
88
80
2
8
0
0
0
0
0 0
0
0
]
[G
1
72
73
2
7
0
0
0
0
18 0
99
121
99
108
111
110
101
105
118
101
95
99
108
107
99
116
114
108
1
1
1 18 1 1
]
[G
1
2
3
421
9
0
0
0
0
0 0
0
0
]
[G
1
2
3
422
9
0
0
0
0
0 0
0
0
]
[G
1
2
3
240
15
0
0
0
0
16 1
0
0
0
]
[G
1
2
3
421
19
0
0
0
0
16 1
0
0
0
]
[G
1
2
3
422
19
0
0
0
0
16 1
0
0
0
]
[G
31
32
33
3
6
0
0
0
0
5 0
102
97
108
115
101
1
1
1 5 1 1
]
[G
31
32
33
4
6
0
0
0
0
5 0
102
97
108
115
101
1
1
1 5 1 1
]
[G
1
2
3
296
15
0
0
0
0
16 1
0
0
0
]
[G
1
2
3
299
15
0
0
0
0
16 1
0
0
0
]
[G
31
32
33
3
41
0
0
0
0
8 1
0
0
0
]
[G
31
32
33
4
41
0
0
0
0
8 1
0
0
0
]
[G
1
2
3
315
15
0
0
0
0
16 1
0
0
0
]
[G
1
2
3
316
15
0
0
0
0
16 1
0
0
0
]
[G
31
32
33
3
46
0
0
0
0
8 1
0
0
0
]
[G
31
32
33
4
46
0
0
0
0
8 1
0
0
0
]
[G
1
2
3
331
15
0
0
0
0
16 1
0
0
0
]
[G
31
32
33
3
50
0
0
0
0
16 1
0
0
0
]
[G
1
2
3
341
15
0
0
0
0
16 1
0
0
0
]
[G
1
79
80
1
9
0
0
0
0
0 0
0
0
]
[G
1
72
73
2
78
0
0
0
0
32 1
0
0
0
]
[G
31
32
33
4
50
0
0
0
0
16 1
0
0
0
]
[G
1
2
3
358
15
0
0
0
0
16 1
0
0
0
]
[G
1
2
3
240
6
0
0
0
0
3 0
111
102
102
1
1
1 3 1 1
]
[G
1
72
73
2
9
0
0
0
0
0 0
0
0
]
[G
1
2
3
421
15
0
0
0
0
16 1
0
0
0
]
[G
1
2
3
422
15
0
0
0
0
16 1
0
0
0
]
[G
31
32
33
3
10
0
0
1
0
0 0
0
0
]
[G
31
32
33
4
10
0
0
1
0
0 0
0
0
]
[G
1
79
80
1
84
0
0
0
0
16 1
0
0
0
]
[G
1
2
3
296
6
0
0
0
0
3 0
111
102
102
1
1
1 3 1 1
]
[G
1
2
3
299
6
0
0
0
0
3 0
111
102
102
1
1
1 3 1 1
]
[G
31
32
33
3
8
0
0
0
0
0 0
0
0
]
[G
31
32
33
4
8
0
0
0
0
0 0
0
0
]
[G
1
2
3
315
6
0
0
0
0
3 0
111
102
102
1
1
1 3 1 1
]
[G
1
2
3
316
6
0
0
0
0
3 0
111
102
102
1
1
1 3 1 1
]
[G
1
79
80
1
83
0
0
0
0
16 1
0
0
0
]
[G
1
2
3
331
6
0
0
0
0
3 0
111
102
102
1
1
1 3 1 1
]
[G
1
79
80
1
87
0
0
0
0
1 1
122
1
1
1 1 1 1
]
[G
1
2
3
341
6
0
0
0
0
3 0
111
102
102
1
1
1 3 1 1
]
[P
31
32
33
66
65
3
0
0
]
[P
31
32
33
65
67
4
0
0
]
[P
1
2
3
68
28
240
0
0
]
[P
1
69
70
62
71
1
0
0
]
[P
1
2
3
68
29
296
0
0
]
[P
1
2
3
28
29
299
0
0
]
[P
1
2
3
30
29
315
0
0
]
[P
1
2
3
30
29
316
0
0
]
[P
1
2
3
68
29
316
0
0
]
[P
1
2
3
28
30
331
0
0
]
[P
1
2
3
28
29
315
0
0
]
[P
1
2
3
28
30
341
0
0
]
[P
1
2
3
68
30
341
0
0
]
[P
1
2
3
28
29
358
0
0
]
[P
31
32
33
64
65
3
0
0
]
[P
31
32
33
64
67
4
0
0
]
[P
31
32
33
61
62
3
0
0
]
[P
31
32
33
61
62
4
0
0
]
[P
1
2
3
68
29
358
0
0
]
[P
1
2
3
30
29
421
0
0
]
[P
31
32
33
63
62
3
0
0
]
